[connected_nodes]
node_ids = [4144723677, 4144717489, 2222631473]
last_updated = 1658548418.266353
topology = {"nodeId": 2222635529, "root": true, "subs": [{"nodeId": 4144723677, "subs": [{"nodeId": 4144717489}, {"nodeId": 2222631473}]}]}
root_signal_strength = -70
sensors_last_updated = 1658548269.172296
images_last_updated = 1658529872.758304

