[connected_nodes]
node_ids = [4146216805, 4144723677, 2222631473, 4144717489]
last_updated = 1658866803.455409
topology = {"nodeId": 2222635529, "root": true, "subs": [{"nodeId": 4146216805, "subs": [{"nodeId": 4144723677}, {"nodeId": 2222631473}, {"nodeId": 4144717489}]}]}
root_signal_strength = -66
sensors_last_updated = 1658866552.058215
images_last_updated = 1658613715.198122

